DateTime,Entries,UniqueIPs
1528185610,42,11776
1528208654,41,11520
1528216069,42,11776
1528302604,43,12032
1528309675,42,11776
1528317928,42,11776
1528322403,42,11776
1528325103,42,11776
1528329608,42,11776
1528350332,42,12032
1528388867,42,12032
1528464314,41,11776
1528472729,40,11520
1528492545,41,11776
1528496150,42,12032
1528499755,43,12288
1528558227,45,12800
1528560027,43,12288
1528574427,43,12032
1528608611,42,11776
1528642867,40,11264
1528660860,39,11008
1528664447,43,12032
1528695022,42,11776
1528736422,43,12288
1528738213,42,12032
1528740923,43,12288
1528743605,44,12544
1528820119,42,12032
1528826426,41,11776
1528843533,42,12032
1528869650,43,12288
1528906537,42,12032
1528908874,43,12288
1528912861,44,12544
1528919106,43,12288
1528954226,44,12544
1528956422,44,12288
1529007009,43,12032
1529040139,44,12288
1529071233,45,12544
1529121630,46,12800
1529127544,47,13056
1529161240,49,13568
1529163024,47,13056
1529193629,46,12800
1529197586,47,13056
1529251308,49,13568
1529253020,50,13824
1529269295,49,13568
1529326842,50,13824
1529341214,48,13312
1529369216,49,13568
1529474428,48,13312
1529480705,47,13056
1529503226,47,13312
1529505018,50,14592
1529507725,58,18176
1529511304,57,17920
1529512217,58,18176
1529519426,58,18432
1529592338,57,18176
1529601324,60,18944
1529746236,61,19200
1529765136,56,17920
1529802036,55,17664
1529856027,52,16896
1529857827,51,16640
1529864193,50,16384
1529866820,51,16640
1529878924,51,16896
1529930731,48,16128
1529938825,49,16384
1529945122,48,16128
1529970331,47,15872
1529985646,47,15616
1530045025,48,15872
1530050439,44,14848
1530087346,43,14592
1530107140,38,12800
1530109846,36,11776
1530111663,27,9472
1530139525,26,9216
1530202539,28,9728
1530204324,29,9984
1530210653,29,9984
1530225024,29,9984
1530279006,30,10240
1530286476,42,13312
1530289823,42,13568
1530297942,43,13824
1530304260,42,13568
1530311431,43,13824
1530318631,44,14080
1530350592,43,13824
1530373505,41,13312
1530374436,45,14336
1530390631,46,14592
1530458132,47,14848
1530459906,48,14592
1530462627,49,14848
1530470745,49,15104
1530480099,49,14848
1530544541,48,14592
1530548135,50,15104
1530576935,49,14848
1530577830,50,15104
1530634530,50,14848
1530724692,51,15104
1530727227,52,15360
1530803706,53,15616
1530804620,54,15872
1530808222,53,14848
1530815419,54,15104
1530822626,53,14848
1530828043,52,14592
1530838004,53,14848
1530883835,52,14592
1530889523,43,11520
1530893732,45,12288
1530894605,47,12800
1530901019,49,13568
1530908519,49,13824
1530916222,50,14080
1530922922,51,14592
1530980154,48,13824
1530987338,50,14592
1530991816,51,14848
1531002606,51,15104
1531052127,52,15360
1531074667,51,15104
1531080935,51,15104
1531085440,52,15360
1531095362,51,15104
1531096248,51,15360
1531152952,50,14848
1531167687,50,14592
1531198840,49,14336
1531237547,48,14080
1531327538,47,13824
1531407619,44,13056
1531412136,44,13056
1531426524,43,12800
1531441837,43,13056
1531494053,42,12800
1531498550,38,11776
1531499826,37,11264
1531502123,38,11520
1531505723,37,11264
1531511127,36,11008
1531584931,37,11264
1531656937,41,12288
1531664132,40,12032
1531689333,39,11776
1531700140,38,11520
1531761335,40,12032
1531765374,38,11008
1531843231,37,10752
1531845099,35,10240
1531926927,36,10496
1532015137,35,9984
1532016934,37,10496
1532017824,38,10752
1532033137,37,10496
1532103327,39,11008
1532105140,38,10752
1532114132,39,11008
1532131275,38,10752
1532190718,38,11008
1532219439,39,11264
1532225734,40,11520
1532276131,45,12800
1532277007,46,13056
1532364318,44,12288
1532375105,43,12032
1532393185,44,12288
1532398540,43,12032
1532441726,45,12800
1532446230,46,13056
1532448923,46,12800
1532566205,52,14336
1532621714,51,13824
1532625330,52,14080
1532634310,52,14336
1532637027,53,14592
1532644260,53,14592
1532651444,54,14848
1532700934,56,15360
1532707236,55,15104
1532720476,60,16384
1532729705,59,16128
1532737850,60,16384
1532798133,61,16896
1532825176,60,16640
1532880084,57,15872
1532880936,59,16384
1532882746,60,16640
1532896240,61,16896
1532902509,60,16640
1532904343,61,16896
1532907101,60,16640
1532967339,60,16384
1532997039,58,15872
1533046507,55,14848
1533060914,55,14592
1533132934,56,14848
1533146459,57,15104
1533170758,55,14592
1533228308,53,14080
1533231937,52,13824
1533238420,51,13568
1533239107,50,13312
1533240905,49,13056
1533242752,48,12800
1533247277,46,12288
1533304888,43,11520
1533313369,42,11264
1533324981,41,11008
1533329152,42,11264
1533342658,43,11520
1533399385,42,11264
1533421841,42,11520
1533475843,44,12032
1533485708,41,11008
1533486626,40,10752
1533490235,41,11008
1533493843,40,10752
1533506457,41,11008
1533515457,42,11264
1533563184,41,11008
1533568506,40,10752
1533577578,39,10496
1533587430,41,11008
1533601829,42,11264
1533645052,44,11776
1533687343,43,11520
1533736877,42,11264
1533745878,43,11520
1533796261,44,11776
1533814253,45,12032
1533910536,44,11776
1533915046,45,12032
1533924076,44,11776
1533932171,44,11520
1534007741,47,12288
1534019996,48,12544
1534026709,47,12288
1534077941,48,12544
1534078862,45,11776
1534084234,44,11520
1534106703,43,11264
1534185956,44,11520
1534193103,43,11264
1534205751,42,11008
1534206644,43,11264
1534215606,44,11520
1534253490,47,12544
1534257037,48,12800
1534270548,47,12544
1534286706,46,12288
1534295773,47,12800
1534339832,49,13312
1534349702,46,12544
1534419003,44,12032
1534443334,45,12288
1534519842,44,11776
1534530635,46,12288
1534538733,47,12544
1534551877,46,12288
1534609815,47,12544
1534611633,45,12032
1534633226,45,11776
1534671903,43,11264
1534700393,45,12032
1534703427,44,11776
1534706120,43,11520
1534717829,44,11776
1534724103,43,11520
1534725029,44,11776
1534804253,43,11520
1534810536,42,11264
1534812098,42,11520
1534824902,41,11264
1534859122,42,11520
1534876227,41,11264
1534883433,40,11008
1534917640,41,11264
1534944638,40,11008
1534951200,39,10752
1534951817,40,11264
1534954653,41,11776
1534957223,40,11520
1534964443,39,11264
1534968027,40,11520
1534984233,40,11776
1535031022,41,12032
1535056232,42,12288
1535121023,43,12544
1535135403,42,12032
1535155269,41,11776
1535157023,43,12288
1535210103,41,11776
1535214626,43,12288
1535286620,42,12032
1535304625,40,11520
1535315424,39,11264
1535329833,40,11520
1535379302,39,11264
1535381444,40,11520
1535387426,41,11776
1535394632,41,11520
1535409026,40,11264
1535465702,39,11008
1535477913,40,11264
1535502634,41,11520
1535556616,38,10752
1535558431,37,10496
1535636704,37,10240
1535676338,42,11520
1535677555,43,11776
1535682607,44,12032
1535688246,45,12288
1535695204,46,12544
1535718610,50,13568
1535723524,51,13824
1535724902,50,13568
1535729411,50,13824
1535740207,51,14080
1535761811,52,14336
1535787009,53,14592
1535805009,55,15104
1535818503,52,14336
1535832012,53,14592
1535839219,54,14848
1535894604,56,15360
1535896806,57,15616
1535914807,58,15872
1535923231,59,16128
1535984451,61,16640
1535986808,58,15872
1536006210,60,16384
1536008422,61,16640
1536010214,62,16896
1536021049,62,17152
1536081303,62,16896
1536084903,61,16640
1536093341,61,16896
1536154253,60,16640
1536166870,61,16896
1536170430,62,17152
1536172237,63,17408
1536267609,64,17664
1536321632,63,17408
1536323435,62,17152
1536333792,64,17664
1536392703,63,17408
1536409815,62,17152
1536495306,61,16896
1536498960,57,15872
1536505240,56,15616
1536511504,55,15360
1536517370,55,15104
1536588035,54,14848
1536589803,48,13312
1536593405,49,13824
1536600603,48,13568
1536602427,47,13312
1536608703,46,13056
1536609622,42,12032
1536614103,38,11008
1536616842,37,10752
1536625803,38,11008
1536682904,38,10752
1536712815,39,11008
1536719247,40,11264
1536762395,41,11520
1536783862,40,11264
1536852474,39,10752
1536863403,38,10496
1536885229,37,10240
1536938867,35,9728
1536948903,34,9472
1537111803,35,9728
1537122016,34,9472
1537194607,37,10240
1537197968,35,9728
1537212241,34,9472
1537223436,33,9216
1537229704,33,8960
1537281004,32,8704
1537288203,33,8960
1537367443,31,8448
1537380903,30,8192
1537403444,31,8448
1537453803,33,9216
1537467304,34,9472
1537490053,33,9216
1537536604,32,8960
1537543802,33,9216
1537556447,34,9472
1537565032,35,9728
1537647749,36,9984
1537663860,37,10240
1537716605,38,10496
1537748856,39,10752
1537799409,38,10496
1537821003,37,10240
1537827303,36,9984
1537914173,37,10240
1537920033,37,9984
1537922086,38,10240
1537964628,40,10752
1538007304,39,10496
1538060423,37,9984
1538067604,37,9728
1538071246,36,9472
1538073036,37,9728
1538094648,38,9984
1538147703,36,9472
1538159408,37,9728
1538227831,38,9984
1538231931,38,10240
1538239107,36,9728
1538253540,37,9984
1538319660,36,9728
1538350226,38,10240
1538386228,39,10496
1538392525,40,10752
1538397024,41,11008
1538404220,39,10496
1538406020,40,10752
1538432322,41,11008
1538525823,40,10752
1538568697,39,10496
1538579946,40,10752
1538666128,41,11008
1538676993,40,10752
1538752764,42,11264
1538753403,41,11008
1538832602,40,10752
1538872239,39,10240
1538935889,40,10496
1538944223,41,10752
1538951431,42,11008
1538954738,40,10496
1538958274,41,10752
1538997311,38,9984
1539000903,37,9728
1539008111,37,9984
1539009017,36,9728
1539037044,35,9472
1539098103,36,9728
1539188112,35,9472
1539195303,37,9984
1539216902,36,9728
1539274508,39,10752
1539357311,38,10496
1539390720,38,10496
1539533706,39,10752
1539556226,38,10496
1539563429,36,9984
1539612027,35,9728
1539616175,36,9984
1539640824,36,9728
1539701103,34,9216
1539702902,35,9472
1539721820,36,9728
1539729028,36,9728
1539736243,37,9984
1539756021,37,10240
1539789672,38,10496
1539799219,36,9984
1539822632,37,10240
1539879065,43,12544
1539880219,44,12800
1539882021,44,13056
1539885631,45,13568
1539887419,46,13824
1539900902,45,13568
1539909003,48,14592
1539921631,49,14848
1539995430,51,15360
1540047632,49,14848
1540048667,51,15360
1540053022,52,15616
1540058425,54,16128
1540062039,55,16384
1540081806,56,16640
1540083631,57,16896
1540143006,58,17152
1540144824,60,17664
1540160103,60,17408
1540174512,59,17152
1540220434,58,16896
1540221781,59,17152
1540247409,59,17152
1540297803,60,17408
1540306822,58,16896
1540326396,58,16640
1540355409,59,16896
